20 20
1
15
126
1 9
2 8
2 10
2 11
3 3
3 7
3 8
3 9
3 10
3 11
3 12
3 13
4 3
4 7
4 8
4 9
4 11
4 12
4 14
5 5
5 6
5 10
5 11
5 12
5 13
5 14
5 15
6 3
6 4
6 6
6 7
6 8
6 9
6 10
6 12
6 13
6 15
7 3
7 4
7 5
7 6
7 10
7 11
7 13
7 15
8 3
8 4
8 5
8 7
8 8
8 9
8 11
8 13
8 15
9 1
9 2
9 3
9 4
9 5
9 7
9 9
9 11
9 14
9 15
10 1
10 3
10 4
10 5
10 7
10 8
10 11
10 13
10 14
10 15
11 0
11 3
11 4
11 5
11 6
11 7
11 9
11 10
11 13
11 14
12 0
12 3
12 4
12 5
12 6
12 8
12 14
13 0
13 3
13 5
13 12
13 14
14 0
14 4
14 5
14 8
14 11
14 13
14 14
15 0
15 1
15 4
15 5
15 11
15 13
15 14
16 1
16 2
16 3
16 6
16 7
16 11
16 12
17 4
17 5
17 6
17 7
17 8
17 9
17 10
18 7
18 8
